1.0000 1.0000 1.0000 1.0000 1.0000 1.0000 1.0000 1.0000 1.0000 0.9725 1.0000 1.0000 1.0000 0.9804 0.9882 0.9961 0.9804 0.9843 1.0000 0.9725 1.0000 0.9098 1.0000 0.9882 1.0000 1.0000 1.0000 1.0000 
1.0000 1.0000 1.0000 1.0000 1.0000 1.0000 1.0000 1.0000 1.0000 0.9569 0.9961 1.0000 0.9529 0.9725 1.0000 1.0000 1.0000 0.9843 1.0000 0.9373 0.9725 1.0000 0.9490 0.9961 1.0000 1.0000 1.0000 1.0000 
1.0000 1.0000 1.0000 1.0000 1.0000 1.0000 1.0000 1.0000 1.0000 1.0000 0.9843 1.0000 0.9882 0.9922 1.0000 0.9804 1.0000 0.9608 1.0000 1.0000 1.0000 0.9451 1.0000 0.9882 1.0000 1.0000 1.0000 1.0000 
1.0000 1.0000 1.0000 1.0000 1.0000 1.0000 1.0000 1.0000 0.9843 0.9882 0.9647 1.0000 1.0000 0.9843 0.9608 1.0000 0.9765 1.0000 1.0000 0.4627 0.0510 0.8549 0.9804 1.0000 1.0000 1.0000 1.0000 1.0000 
1.0000 1.0000 1.0000 1.0000 1.0000 1.0000 1.0000 1.0000 0.9882 1.0000 1.0000 0.9843 0.9725 1.0000 0.9882 1.0000 0.9961 0.9137 0.8706 0.1176 0.0000 0.4549 0.9843 0.9647 1.0000 1.0000 1.0000 1.0000 
1.0000 1.0000 1.0000 1.0000 1.0000 1.0000 1.0000 1.0000 1.0000 0.8314 1.0000 1.0000 0.9451 1.0000 1.0000 0.9882 1.0000 1.0000 0.8392 0.0000 0.0000 0.8235 0.9922 1.0000 1.0000 1.0000 1.0000 1.0000 
1.0000 1.0000 1.0000 1.0000 1.0000 1.0000 1.0000 1.0000 0.6431 0.1098 0.5176 0.9961 1.0000 1.0000 0.9333 1.0000 0.9373 1.0000 0.8039 0.0314 0.1373 0.9686 1.0000 0.9843 1.0000 1.0000 1.0000 1.0000 
1.0000 0.9804 0.9608 1.0000 1.0000 0.9922 1.0000 0.9804 0.4980 0.0275 0.4392 1.0000 1.0000 0.9843 0.9961 1.0000 1.0000 0.9412 0.5137 0.0353 0.1059 1.0000 1.0000 0.9922 1.0000 1.0000 1.0000 1.0000 
0.9843 1.0000 0.9961 1.0000 1.0000 0.9451 1.0000 1.0000 0.3020 0.0000 0.5059 1.0000 0.9804 1.0000 0.9882 1.0000 0.9725 1.0000 0.3882 0.0000 0.1686 1.0000 1.0000 0.9647 1.0000 1.0000 1.0000 1.0000 
0.9725 1.0000 1.0000 0.9843 1.0000 0.9490 1.0000 0.8471 0.0941 0.0000 0.7216 0.9765 0.9961 1.0000 0.9569 1.0000 0.9608 0.9451 0.0157 0.0000 0.4902 0.9490 0.9725 1.0000 1.0000 1.0000 1.0000 1.0000 
0.9922 1.0000 0.9922 0.9843 1.0000 1.0000 0.9804 0.4353 0.0000 0.1137 0.9686 0.9569 1.0000 1.0000 1.0000 1.0000 1.0000 0.7333 0.0824 0.0118 0.5373 1.0000 1.0000 0.9647 1.0000 1.0000 1.0000 1.0000 
1.0000 0.9804 0.9961 1.0000 0.9922 1.0000 0.8824 0.0824 0.0000 0.3765 1.0000 0.9608 0.9922 0.9765 0.9686 0.9843 0.9647 0.7725 0.0000 0.0235 0.8000 0.9255 1.0000 0.9569 1.0000 1.0000 1.0000 1.0000 
1.0000 0.9843 1.0000 1.0000 0.9451 1.0000 0.7176 0.0000 0.0588 0.6667 0.9961 1.0000 0.9686 1.0000 1.0000 1.0000 0.9804 0.4196 0.0000 0.0039 0.0118 0.1137 1.0000 1.0000 1.0000 1.0000 1.0000 1.0000 
0.9882 1.0000 0.9961 1.0000 0.9686 0.9922 0.4824 0.0000 0.1490 0.8824 0.9882 1.0000 1.0000 0.9686 0.9725 0.8314 0.4314 0.0000 0.0235 0.0314 0.3137 0.8745 1.0000 1.0000 1.0000 1.0000 1.0000 1.0000 
0.9843 1.0000 0.9490 0.9922 1.0000 0.9843 0.2902 0.0196 0.3412 1.0000 1.0000 0.9098 0.9098 0.4627 0.4392 0.0706 0.0000 0.0549 0.0000 0.3804 0.9373 1.0000 0.9765 1.0000 1.0000 1.0000 1.0000 1.0000 
0.9961 1.0000 1.0000 0.9922 1.0000 0.9647 0.0353 0.0314 0.5255 0.8980 0.6118 0.1529 0.0431 0.0000 0.0314 0.1176 0.3176 0.0000 0.0353 0.8980 0.9686 0.9882 1.0000 1.0000 1.0000 1.0000 1.0000 1.0000 
1.0000 0.9647 1.0000 1.0000 1.0000 1.0000 0.1961 0.0000 0.0275 0.1529 0.0510 0.0000 0.0353 0.2667 0.6471 0.9765 0.4196 0.0275 0.1529 0.9451 1.0000 1.0000 0.9961 1.0000 1.0000 1.0000 1.0000 1.0000 
1.0000 0.9529 1.0000 1.0000 0.9569 1.0000 0.4824 0.1020 0.0392 0.0000 0.0627 0.3765 0.6980 0.9451 1.0000 1.0000 0.4392 0.0157 0.1882 0.9529 1.0000 1.0000 0.9765 1.0000 1.0000 1.0000 1.0000 1.0000 
0.9922 0.9725 1.0000 1.0000 0.9882 1.0000 0.9373 0.7176 0.4863 0.5647 0.8863 1.0000 0.9922 1.0000 0.9843 0.9922 0.3569 0.0196 0.1490 0.9725 1.0000 0.9725 0.9882 1.0000 1.0000 1.0000 1.0000 1.0000 
0.9843 1.0000 1.0000 0.9765 1.0000 1.0000 1.0000 1.0000 0.9882 0.9765 1.0000 0.9725 0.9922 1.0000 0.9804 1.0000 0.1961 0.0275 0.1451 1.0000 1.0000 0.9686 1.0000 0.9961 1.0000 1.0000 1.0000 1.0000 
1.0000 1.0000 0.9804 0.9725 1.0000 0.9412 0.9294 0.9843 0.9922 1.0000 1.0000 0.9686 1.0000 0.9922 0.9529 1.0000 0.0196 0.0000 0.2235 1.0000 0.9804 0.9804 1.0000 0.9725 1.0000 1.0000 1.0000 1.0000 
0.9843 0.9843 0.9725 1.0000 1.0000 1.0000 1.0000 1.0000 1.0000 1.0000 0.9961 1.0000 1.0000 0.9765 0.9882 1.0000 0.1137 0.0510 0.4980 0.9961 0.9765 0.9922 1.0000 0.9765 1.0000 1.0000 1.0000 1.0000 
1.0000 0.9843 0.9882 1.0000 0.9373 0.9961 0.9882 0.9961 0.9765 1.0000 0.9843 1.0000 0.9765 0.9922 1.0000 0.9373 0.4078 0.2549 0.8314 1.0000 1.0000 1.0000 1.0000 0.9882 1.0000 1.0000 1.0000 1.0000 
1.0000 1.0000 1.0000 1.0000 1.0000 1.0000 1.0000 1.0000 1.0000 1.0000 1.0000 1.0000 1.0000 1.0000 1.0000 1.0000 1.0000 1.0000 1.0000 1.0000 1.0000 1.0000 1.0000 1.0000 1.0000 1.0000 1.0000 1.0000 
1.0000 1.0000 1.0000 1.0000 1.0000 1.0000 1.0000 1.0000 1.0000 1.0000 1.0000 1.0000 1.0000 1.0000 1.0000 1.0000 1.0000 1.0000 1.0000 1.0000 1.0000 1.0000 1.0000 1.0000 1.0000 1.0000 1.0000 1.0000 
1.0000 1.0000 1.0000 1.0000 1.0000 1.0000 1.0000 1.0000 1.0000 1.0000 1.0000 1.0000 1.0000 1.0000 1.0000 1.0000 1.0000 1.0000 1.0000 1.0000 1.0000 1.0000 1.0000 1.0000 1.0000 1.0000 1.0000 1.0000 
1.0000 1.0000 1.0000 1.0000 1.0000 1.0000 1.0000 1.0000 1.0000 1.0000 1.0000 1.0000 1.0000 1.0000 1.0000 1.0000 1.0000 1.0000 1.0000 1.0000 1.0000 1.0000 1.0000 1.0000 1.0000 1.0000 1.0000 1.0000 