1.0000 1.0000 1.0000 1.0000 1.0000 1.0000 1.0000 1.0000 1.0000 0.9765 0.9922 0.9843 1.0000 1.0000 0.9686 1.0000 1.0000 0.9686 0.9725 1.0000 1.0000 1.0000 0.9843 0.9843 1.0000 1.0000 1.0000 1.0000 
1.0000 1.0000 1.0000 1.0000 1.0000 1.0000 1.0000 1.0000 0.9216 0.9922 1.0000 1.0000 0.9961 1.0000 1.0000 1.0000 1.0000 1.0000 1.0000 0.9843 0.9608 0.9686 1.0000 1.0000 1.0000 1.0000 1.0000 1.0000 
1.0000 1.0000 1.0000 1.0000 1.0000 1.0000 1.0000 1.0000 1.0000 1.0000 0.9843 0.9529 1.0000 0.9647 1.0000 0.9843 0.9647 0.9882 0.9961 0.9922 1.0000 1.0000 1.0000 0.9725 1.0000 1.0000 1.0000 1.0000 
1.0000 1.0000 1.0000 1.0000 1.0000 1.0000 1.0000 1.0000 0.9765 0.9843 1.0000 1.0000 1.0000 0.9451 1.0000 1.0000 1.0000 1.0000 1.0000 1.0000 1.0000 1.0000 0.9961 0.9843 1.0000 1.0000 1.0000 1.0000 
1.0000 1.0000 1.0000 1.0000 1.0000 1.0000 1.0000 1.0000 0.9961 1.0000 1.0000 0.9725 1.0000 0.9843 1.0000 0.9765 0.9686 0.9569 0.9765 1.0000 1.0000 0.9882 0.9961 1.0000 1.0000 1.0000 1.0000 1.0000 
1.0000 1.0000 1.0000 1.0000 1.0000 1.0000 1.0000 1.0000 1.0000 0.9608 1.0000 1.0000 0.9961 1.0000 0.9765 1.0000 1.0000 1.0000 0.9804 1.0000 1.0000 1.0000 0.9961 0.9843 1.0000 1.0000 1.0000 1.0000 
1.0000 1.0000 1.0000 1.0000 1.0000 1.0000 1.0000 1.0000 0.9804 0.9922 1.0000 1.0000 0.9294 1.0000 0.9412 0.9804 0.9373 1.0000 1.0000 0.9843 0.9608 1.0000 1.0000 0.9961 1.0000 1.0000 1.0000 1.0000 
1.0000 1.0000 1.0000 1.0000 1.0000 1.0000 1.0000 1.0000 1.0000 0.8510 0.4588 0.0196 0.1216 0.7882 0.4196 0.0000 0.0078 0.5059 0.9608 1.0000 0.9843 0.9843 1.0000 1.0000 1.0000 1.0000 1.0000 1.0000 
1.0000 1.0000 1.0000 1.0000 1.0000 1.0000 1.0000 1.0000 0.9647 0.2902 0.0314 0.0000 0.0196 0.0863 0.0000 0.0000 0.0000 0.1098 1.0000 1.0000 0.9843 0.9569 1.0000 1.0000 1.0000 1.0000 1.0000 1.0000 
1.0000 1.0000 1.0000 1.0000 1.0000 1.0000 1.0000 1.0000 1.0000 0.1686 0.0000 0.0235 0.0235 0.0000 0.0078 0.0549 0.0471 0.0941 0.9373 1.0000 0.9961 1.0000 1.0000 0.9725 1.0000 1.0000 1.0000 1.0000 
1.0000 1.0000 1.0000 1.0000 1.0000 1.0000 1.0000 1.0000 0.9647 0.1686 0.0471 0.1804 0.4392 0.1961 0.1137 0.0157 0.0275 0.0000 0.7725 0.9608 1.0000 1.0000 0.9882 1.0000 1.0000 1.0000 1.0000 1.0000 
1.0000 1.0000 1.0000 1.0000 1.0000 1.0000 1.0000 1.0000 1.0000 0.3373 0.3961 0.7059 1.0000 1.0000 0.7373 0.0118 0.0000 0.0118 0.7333 0.9804 1.0000 1.0000 0.9529 1.0000 1.0000 1.0000 1.0000 1.0000 
1.0000 1.0000 1.0000 1.0000 1.0000 1.0000 1.0000 1.0000 0.9569 0.9333 1.0000 0.9804 1.0000 0.9569 0.4784 0.0118 0.0000 0.3216 0.9098 1.0000 0.9961 1.0000 0.9608 0.9961 1.0000 1.0000 1.0000 1.0000 
1.0000 1.0000 1.0000 1.0000 1.0000 1.0000 1.0000 1.0000 1.0000 0.9451 1.0000 1.0000 0.9529 1.0000 0.4549 0.0039 0.0118 0.6902 1.0000 1.0000 0.9490 1.0000 1.0000 0.9529 1.0000 1.0000 1.0000 1.0000 
1.0000 1.0000 1.0000 1.0000 1.0000 1.0000 1.0000 1.0000 0.9922 1.0000 0.9882 0.9843 1.0000 0.9647 0.1294 0.0353 0.1098 0.9137 1.0000 0.9765 0.9686 1.0000 1.0000 0.9765 1.0000 1.0000 1.0000 1.0000 
1.0000 1.0000 1.0000 1.0000 1.0000 1.0000 1.0000 1.0000 1.0000 0.9804 1.0000 0.9804 1.0000 0.8824 0.0157 0.0235 0.2706 1.0000 0.9725 0.9922 1.0000 0.9686 0.9725 1.0000 1.0000 1.0000 1.0000 1.0000 
1.0000 1.0000 1.0000 1.0000 1.0000 1.0000 1.0000 1.0000 0.9451 1.0000 0.9725 0.6706 0.1569 0.0588 0.0314 0.0000 0.0549 0.1216 0.6824 0.9961 0.9804 1.0000 0.9961 1.0000 1.0000 1.0000 1.0000 1.0000 
1.0000 1.0000 1.0000 1.0000 1.0000 1.0000 1.0000 1.0000 1.0000 0.1098 0.0000 0.0392 0.0000 0.0549 0.0000 0.0118 0.0000 0.0863 0.6941 1.0000 1.0000 0.9961 0.9608 1.0000 1.0000 1.0000 1.0000 1.0000 
1.0000 1.0000 1.0000 1.0000 1.0000 1.0000 1.0000 1.0000 0.9725 0.2902 0.4196 0.2745 0.0235 0.0353 0.0000 0.0353 0.0667 0.4118 0.9176 1.0000 0.9843 1.0000 0.9922 0.9882 1.0000 1.0000 1.0000 1.0000 
1.0000 1.0000 1.0000 1.0000 1.0000 1.0000 1.0000 1.0000 0.9725 0.8706 1.0000 0.9216 0.7020 0.0745 0.0000 0.1176 0.5529 0.8510 1.0000 1.0000 0.9451 1.0000 1.0000 0.9843 1.0000 1.0000 1.0000 1.0000 
1.0000 1.0000 1.0000 1.0000 1.0000 1.0000 1.0000 1.0000 1.0000 1.0000 0.9412 1.0000 1.0000 0.1294 0.0000 0.1686 0.9529 0.9961 1.0000 0.9961 0.9961 0.9922 0.9686 1.0000 1.0000 1.0000 1.0000 1.0000 
1.0000 1.0000 1.0000 1.0000 1.0000 1.0000 1.0000 1.0000 1.0000 1.0000 1.0000 0.9765 0.9451 0.1333 0.0353 0.2353 1.0000 1.0000 0.9765 0.9765 1.0000 1.0000 0.9843 0.9882 1.0000 1.0000 1.0000 1.0000 
1.0000 1.0000 1.0000 1.0000 1.0000 1.0000 1.0000 1.0000 0.9961 0.9216 1.0000 1.0000 1.0000 0.1373 0.0078 0.3098 0.9686 1.0000 1.0000 0.9804 0.9961 1.0000 1.0000 0.9412 1.0000 1.0000 1.0000 1.0000 
1.0000 1.0000 1.0000 1.0000 1.0000 1.0000 1.0000 1.0000 0.9922 1.0000 0.9686 0.9804 1.0000 0.1373 0.0039 0.2706 0.9922 0.9804 0.9922 1.0000 1.0000 0.9686 1.0000 1.0000 1.0000 1.0000 1.0000 1.0000 
1.0000 1.0000 1.0000 1.0000 1.0000 1.0000 1.0000 1.0000 1.0000 1.0000 0.9961 0.9412 1.0000 0.1176 0.0157 0.2824 1.0000 1.0000 1.0000 1.0000 1.0000 1.0000 1.0000 1.0000 1.0000 1.0000 1.0000 1.0000 
1.0000 1.0000 1.0000 1.0000 1.0000 1.0000 1.0000 1.0000 1.0000 0.9725 1.0000 1.0000 0.9961 0.0392 0.0549 0.5647 1.0000 1.0000 1.0000 1.0000 1.0000 1.0000 1.0000 1.0000 1.0000 1.0000 1.0000 1.0000 
1.0000 1.0000 1.0000 1.0000 1.0000 1.0000 1.0000 1.0000 0.9804 0.9725 0.9647 1.0000 0.9608 0.3961 0.4588 0.8078 1.0000 1.0000 1.0000 1.0000 1.0000 1.0000 1.0000 1.0000 1.0000 1.0000 1.0000 1.0000 
1.0000 1.0000 1.0000 1.0000 1.0000 1.0000 1.0000 1.0000 1.0000 1.0000 1.0000 1.0000 1.0000 0.9451 0.9804 1.0000 1.0000 1.0000 1.0000 1.0000 1.0000 1.0000 1.0000 1.0000 1.0000 1.0000 1.0000 1.0000 
